300,500,Laptop,800,50,20,HP,2023/01/0001,1920,1080,512,15.6,65,Windows10
301,200,Smartphone,500,100,50,Samsung,2023/02/0015,1080,1920,256,6.2,20,Android
302,700,HP_Pavilion_Laptop,1300,61,29,HP,2023/02/0001,1920,1080,512,15,65,Windows11
303,500,Apple_iPhone_13,700,110,60,Apple,2023/03/0015,1170,2532,128,6.1,20,iOS
304,700,Lenovo_ThinkPad_Laptop,1000,76,34,Lenovo,2023/04/0001,1920,1080,256,14,65,Windows10
305,500,Google_Pixel_6,800,121,69,Google,2023/05/0015,1080,2340,128,6,18,Android
306,600,Dell_XPS_Laptop,1500,80,50,Dell,2023/06/0001,1920,1200,512,13.4,65,Windows11
307,500,OnePlus_9_Pro,900,130,80,OnePlus,2023/07/0015,1080,2400,128,6.55,30,Android
308,500,Asus_ZenBook_Laptop,1100,90,60,Asus,2023/08/0001,1920,1080,512,14,65,Windows10
309,700,Xiaomi_Mi_11,1000,140,90,Xiaomi,2023/09/0015,1080,2400,128,6.67,33,Android
310,1000,Acer_Aspire_Laptop,1600,104,66,Acer,2023/10/0001,1920,1080,512,15.6,65,Windows11
312,700,LG_Gram_Laptop,1200,110,80,LG,2023/12/0001,1920,1080,256,14,65,Windows10
313,800,Sony_Xperia_5_III,1300,160,110,Sony,2024/01/0015,1080,2520,128,6.1,30,Android
314,1000,Toshiba_DynaBook_Laptop,1700,120,90,Toshiba,2024/02/0001,1920,1080,512,15.6,65,Windows11
315,1200,Nokia_8.3_5G,1300,170,120,Nokia,2024/03/0015,1080,2280,64,6.18,18,Android
316,1000,Fujitsu_LifeBook_Laptop,1300,130,100,Fujitsu,2024/04/0001,1920,1080,256,13.3,65,Windows10
317,1100,Motorola_Edge_20_Pro,1400,180,130,Motorola,2024/05/0015,1080,2340,128,6.3,15,Android
318,1700,Alienware_m15_Laptop,1800,140,110,Alienware,2024/06/0001,1920,1080,512,15.6,240,Windows11
