200,50,CannedSoup,5,100,50,Campbell's,2023/01/0001,2,500,20,10,30,5,10,0
201,25,FreshFruit,3,50,100,LocalFarm,2023/02/0015,0,150,2,15,1,2,2,1
202,50,Bread,2,200,100,Bakery,2023/03/0001,3,250,30,10,2,3,5,0
203,200,Milk,1,300,200,Dairy,2023/04/0001,1,100,5,0,0,1,4,0
204,2,Chilli,3,5,10,Farm,2023/04/0001,1,100,5,0,0,1,4,1
205,100,CannedBeans,6,200,100,Heinz,2023/06/0015,1,600,25,15,5,10,15,1
206,200,PackagedPasta,5,250,125,Barilla,2023/07/0001,2,700,30,20,10,15,20,0
207,100,FreshMeat,7,300,150,LocalButcher,2023/08/0001,0,800,35,25,15,20,25,1
208,125,CannedFish,8,350,175,BumbleBee,2023/09/0015,1,900,40,30,20,25,30,0
209,200,PackagedRice,7,400,200,UncleBens,2023/10/0001,2,1000,45,35,25,30,35,1
210,142,FreshFruit,5,464,211,LocalFarm,2023/11/0001,0,1100,50,40,30,35,40,0
211,145,CannedVegetables,9,500,250,DelMonte,2023/12/0015,1,1200,55,45,35,40,45,1
212,125,PackagedBread,8,550,275,WonderBread,2024/01/0001,2,1300,60,50,40,45,50,0
213,155,FreshSeafood,10,600,300,LocalFishmonger,2024/02/0015,0,1400,65,55,45,50,55,1
214,400,CannedMeat,11,650,325,Hormel,2024/03/0001,1,1500,70,60,50,55,60,0
215,600,PackagedCereal,10,700,350,Kelloggs,2024/04/0001,2,1600,75,65,55,60,65,1
216,400,FreshDairy,6,750,375,LocalDairy,2024/05/0015,0,1700,80,70,60,65,70,0
217,420,CannedFruit,12,800,400,Dole,2024/06/0001,1,1800,85,75,65,70,75,1
218,214,PackagedSnacks,11,850,425,Lays,2024/07/0001,2,1900,90,80,70,75,80,0
219,600,FreshBakery,7,900,450,LocalBakery,2024/08/0015,0,2000,95,85,75,80,85,1
